955759
440945
280512
195993
144199
108200
83190
65164.6
51138
41111.9
31836.7
28191.3
24104.1
20469.7
16283.5
12985.3
11370.1
10315.6
8833.34
7676.4
6185.79
5525.04
4760.5
4035.89
3979.25
3196.22
2737.81
2347.03
2180.07
1834.18
1646.99
1549.69
1525.59
1330.94
1172.96
1091.77
1053.08
953.613
865.337
810.394
783.971
740.417
660.212
614.934
575.232
522.007
500.193
490.476
475.898
464.611
410.124
394.734
383.627
380.582
364.704
358.632
351.514
339.02
314.897
306.407
295.097
294.415
287.171
282.609
263.529
259.819
255.526
247.694
243.428
238.362
234.439
229.692
225.653
217.55
212.48
204.341
197.989
192.824
189.113
185.855
180.48
176.535
172.344
167.919
161.904
156.074
152.296
151.138
148.298
142.834
141.224
136.54
127.292
126.998
97.6603
66.3254
65.1578
55.0282
49.8619
4.87409e-10
